[
  [
    null,
    null,
    "Opening",
    45748,
    45778,
    45809,
    45839,
    45870,
    45901,
    45931,
    45962,
    45992,
    46023,
    46054,
    46082,
    "Total"
  ],
  [
    "Income",
    "Salary",
    null,
    312379,
    174757,
    174586,
    174929,
    174414,
    174587,
    174586,
    178267,
    173453,
    173746,
    173281,
    0,
    1746606
  ],
  [
    null,
    "Bank Interest",
    null,
    0,
    1536,
    875,
    391,
    677,
    7351,
    419,
    187,
    65,
    2605,
    77,
    0,
    14183
  ],
  [
    null,
    "Dividend",
    null,
    65,
    116,
    2403,
    2827,
    1852,
    830,
    68,
    1102,
    518,
    0,
    1083,
    0,
    10799
  ],
  [
    null,
    "Other Income",
    null,
    0,
    0,
    0,
    0,
    0,
    1,
    1,
    107147,
    99303,
    0,
    0,
    0,
    206452
  ],
  [
    null,
    "Gift Received",
    null,
    0,
    0,
    0,
    0,
    0,
    0,
    0,
    0,
    0,
    0,
    0,
    0,
    0
  ],
  [
    null,
    "Total Income",
    null,
    312444,
    176409,
    177864,
    178147,
    176943,
    182769,
    175074,
    286703,
    273339,
    176351,
    174441,
    0,
    1978040
  ],
  [
    "InFlow",
    "Loan Repayment",
    0,
    0,
    0,
    0,
    0,
    0,
    0,
    0,
    0,
    0,
    0,
    0,
    0,
    0,
    0
  ],
  [
    null,
    "Refund",
    null,
    0,
    825,
    825,
    0,
    825,
    0,
    825,
    1710,
    885,
    885,
    0,
    0,
    6780
  ],
  [
    null,
    "Stock Refund",
    null,
    55,
    0,
    0,
    13,
    0,
    12,
    0,
    58,
    0,
    105,
    0,
    0,
    188
  ],
  [
    null,
    "Investment Refund",
    null,
    0,
    0,
    20173,
    25000,
    37415,
    206895,
    0,
    0,
    0,
    100000,
    0,
    0,
    389483
  ],
  [
    null,
    "Bob Debt",
    253170,
    2295,
    116631,
    2510,
    3135,
    2692,
    2243,
    1751,
    1321,
    808,
    409,
    0,
    0,
    386965,
    0
  ],
  [
    null,
    "CC Debt",
    88994,
    23218,
    12228,
    7954,
    15522,
    9020,
    27345,
    27426,
    19121,
    3023,
    11965,
    4405,
    0,
    250221,
    0
  ],
  [
    null,
    "Debt",
    104200,
    0,
    0,
    0,
    0,
    0,
    0,
    0,
    0,
    0,
    0,
    0,
    0,
    104200,
    50000
  ],
  [
    null,
    "Total",
    null,
    338012,
    306093,
    209326,
    221817,
    226895,
    419264,
    205076,
    308913,
    278055,
    289715,
    178846,
    0,
    3115877
  ],
  [
    "Repayments",
    "Debt Repayment",
    null,
    17000,
    20000,
    0,
    17200,
    0,
    0,
    0,
    0,
    0,
    0,
    0,
    0,
    54200
  ],
  [
    null,
    "CC Debt Repayment",
    null,
    90986,
    27144,
    7725,
    22061,
    2068,
    34297,
    27426,
    8080,
    13441,
    11936,
    5057,
    0,
    250221
  ],
  [
    null,
    "Bob Debt Repayment",
    null,
    0,
    0,
    490,
    50365,
    50308,
    50757,
    58249,
    58679,
    54056,
    49192,
    0,
    0,
    372096
  ],
  [
    "General Expenses",
    "Water",
    null,
    285,
    452,
    360,
    566,
    636,
    413,
    413,
    490,
    409,
    430,
    446,
    0,
    4900,
    0.0015725909591424822,
    374254,
    0.12011192996385929
  ],
  [
    null,
    "Electricity",
    null,
    1974,
    1998,
    0,
    1859,
    1882,
    2046,
    1952,
    2032,
    2024,
    2237,
    0,
    0,
    18004,
    0.005778148495592092
  ],
  [
    null,
    "Telephone & Internet",
    null,
    2055,
    3477,
    1859,
    3453,
    1896,
    2661,
    3899,
    2391,
    2736,
    2940,
    0,
    0,
    27367,
    0.008783080975275982
  ],
  [
    null,
    "Groceries",
    null,
    5164,
    14908,
    4589,
    0,
    0,
    0,
    0,
    0,
    0,
    0,
    0,
    0,
    24661,
    0.007914625641512806
  ],
  [
    null,
    "Home Improvement",
    null,
    650,
    0,
    6759,
    3997,
    3937,
    2063,
    7188,
    2526,
    0,
    0,
    0,
    0,
    27120,
    0.008703809553457982
  ],
  [
    null,
    "Home Expenses",
    null,
    810,
    348,
    7464,
    7986,
    25569,
    7650,
    13071,
    7216,
    9109,
    10998,
    9745,
    0,
    99966,
    0.03208278118808926
  ],
  [
    null,
    "Petrol",
    null,
    6375,
    3781,
    5616,
    6559,
    3848,
    6574,
    3086,
    3280,
    6240,
    6391,
    0,
    0,
    51750,
    0.016608486150127236
  ],
  [
    null,
    "Transportation",
    null,
    300,
    692,
    1101,
    10738,
    5477,
    1098,
    2573,
    3996,
    2082,
    6376,
    0,
    0,
    34433,
    0.011050821325745528
  ],
  [
    null,
    "Travel (Expenses)",
    null,
    0,
    0,
    13861,
    0,
    7220,
    0,
    0,
    0,
    31595,
    0,
    0,
    0,
    52676,
    0.01690567374771212
  ],
  [
    null,
    "Food",
    null,
    2265,
    3008,
    5044,
    2293,
    2148,
    8703,
    1000,
    3013,
    3098,
    2670,
    135,
    0,
    33377,
    0.010711911927203801
  ],
  [
    null,
    "Dine Out",
    null,
    0,
    0,
    0,
    0,
    0,
    0,
    0,
    0,
    0,
    0,
    0,
    0,
    0,
    0
  ],
  [
    "Individual Expenses",
    "Suraj",
    null,
    2085,
    6679,
    4165,
    21434,
    9554,
    25612,
    4127,
    4535,
    4004,
    6307,
    4399,
    0,
    92901,
    0.029815361774550152,
    406144,
    0.1303466086755029
  ],
  [
    null,
    "Latha",
    null,
    5499,
    25000,
    5000,
    5000,
    5391,
    18084,
    5000,
    6560,
    52700,
    5000,
    0,
    0,
    133234,
    0.0427597109898754
  ],
  [
    null,
    "Kunica",
    null,
    6200,
    3000,
    10065,
    3000,
    1500,
    1000,
    6130,
    2310,
    9410,
    304,
    500,
    0,
    43419,
    0.013934760582654578
  ],
  [
    null,
    "Shloka",
    null,
    8324,
    8130,
    6000,
    1659,
    4027,
    30198,
    2430,
    9399,
    7360,
    58108,
    955,
    0,
    136590,
    0.04383677532842278
  ],
  [
    "Insurance Expenses",
    "Health/Medical",
    null,
    454,
    44,
    265,
    2611,
    2500,
    200,
    706,
    17050,
    12137,
    112,
    0,
    0,
    36079,
    0.011579083513245228,
    83962,
    0.026946506553371653
  ],
  [
    null,
    "LIC",
    null,
    21226,
    0,
    0,
    0,
    0,
    0,
    21226,
    0,
    0,
    0,
    0,
    0,
    42452,
    0.013624414570921766
  ],
  [
    null,
    "Vehicle Insurance",
    null,
    0,
    0,
    5431,
    0,
    0,
    0,
    0,
    0,
    0,
    0,
    0,
    0,
    5431,
    0.0017430084692046572
  ],
  [
    "Other Expenses",
    "Gifting ",
    null,
    0,
    0,
    3273,
    0,
    2500,
    1288,
    0,
    0,
    125,
    0,
    0,
    0,
    7186,
    0.0023062527821220155,
    41634,
    0.013361888161824102
  ],
  [
    null,
    "Other Expenses",
    null,
    0,
    329,
    227,
    4069,
    0,
    25,
    180,
    2682,
    11566,
    501,
    0,
    0,
    19579,
    0.006283624161030747
  ],
  [
    null,
    "Loans",
    null,
    0,
    0,
    0,
    0,
    0,
    0,
    0,
    0,
    0,
    0,
    0,
    0,
    0
  ],
  [
    null,
    "Bob Interest",
    null,
    0,
    0,
    2510,
    3135,
    2692,
    2243,
    1751,
    1321,
    808,
    409,
    0,
    0,
    14869,
    0.00477201121867134
  ],
  [
    null,
    null,
    null,
    0,
    0,
    0,
    0,
    0,
    0,
    0,
    0,
    0,
    0,
    0,
    0,
    0,
    0
  ],
  [
    null,
    null,
    null,
    0,
    0,
    0,
    0,
    0,
    0,
    0,
    0,
    0,
    0,
    0,
    0,
    0,
    0
  ],
  [
    "Philanthropy",
    "Donation",
    null,
    0,
    3530,
    3001,
    0,
    1500,
    1000,
    10000,
    0,
    0,
    0,
    0,
    0,
    19031,
    0.006107750723151138,
    19031,
    0.006107750723151138
  ],
  [
    "Investments",
    "LR-Gold",
    null,
    0,
    0,
    0,
    0,
    0,
    0,
    0,
    0,
    0,
    0,
    0,
    0,
    0,
    0,
    2847702,
    0.9139327386799929
  ],
  [
    null,
    "LR-BoB",
    null,
    0,
    0,
    0,
    0,
    0,
    0,
    0,
    0,
    0,
    0,
    0,
    0,
    0,
    0
  ],
  [
    null,
    "LR-BoI",
    null,
    0,
    0,
    0,
    0,
    0,
    0,
    0,
    0,
    0,
    0,
    0,
    0,
    0,
    0
  ],
  [
    null,
    "LR-RD",
    null,
    0,
    0,
    0,
    0,
    0,
    0,
    0,
    0,
    0,
    0,
    0,
    0,
    0,
    0
  ],
  [
    null,
    "LR-FD",
    null,
    500000,
    160000,
    0,
    100000,
    105000,
    0,
    210000,
    0,
    0,
    240000,
    0,
    0,
    1315000,
    0.42203206352497225
  ],
  [
    null,
    "LR-Suraj PPF",
    null,
    0,
    0,
    0,
    0,
    0,
    0,
    0,
    0,
    0,
    500,
    1500,
    0,
    2000,
    0.0006418738608744825
  ],
  [
    null,
    "LR-RBIDirect",
    239192,
    0,
    0,
    0,
    0,
    0,
    0,
    0,
    0,
    0,
    0,
    0,
    0,
    239192,
    0.07676554626514462
  ],
  [
    null,
    "LR-Shloka SSA",
    1006140,
    2500,
    2500,
    2500,
    2500,
    2500,
    2500,
    2500,
    2500,
    3000,
    2500,
    2500,
    0,
    1034140,
    0.33189371724236866
  ],
  [
    null,
    "HR-Stocks-Sharekhan",
    null,
    0,
    120300,
    0,
    14800,
    0,
    0,
    40000,
    17570,
    0,
    18000,
    0,
    0,
    210670,
    0.06761178313521361
  ],
  [
    null,
    "HR-Stocks-Zerodha",
    null,
    0,
    0,
    0,
    0,
    100,
    0,
    0,
    33100,
    0,
    0,
    0,
    0,
    33200,
    0.01065510609051641
  ],
  [
    null,
    "HR-Shloka Stocks",
    null,
    0,
    1500,
    0,
    0,
    0,
    0,
    0,
    6000,
    0,
    1000,
    0,
    0,
    8500,
    0.0027279639087165507
  ],
  [
    null,
    "HR-Latha Stocks",
    null,
    0,
    0,
    0,
    0,
    0,
    0,
    0,
    0,
    0,
    0,
    5000,
    0,
    5000,
    0.0016046846521862064
  ],
  [
    null,
    "Other Investments",
    null,
    0,
    0,
    0,
    0,
    0,
    0,
    0,
    0,
    0,
    0,
    0,
    0,
    0,
    0
  ],
  [
    null,
    "Total",
    -1052138,
    566166,
    359676,
    89090,
    195659,
    189877,
    113358,
    337232,
    127971,
    158403,
    364783,
    25180,
    0,
    2527395
  ],
  [
    null,
    "Balance",
    -1052138,
    -1280292,
    -1333875,
    -1213639,
    -1187481,
    -1150463,
    -844557,
    -976713,
    -795771,
    -676119,
    -75068,
    153666,
    0,
    -9380312
  ],
  [],
  [],
  [],
  [],
  [],
  [],
  [],
  [],
  [],
  [],
  [],
  [],
  [],
  [],
  [],
  [],
  [],
  [],
  [],
  [],
  [],
  [],
  [],
  [],
  [],
  [],
  [],
  [],
  [],
  [],
  [],
  [],
  [],
  [],
  [],
  [],
  [],
  [],
  [],
  [],
  [],
  [],
  [],
  [],
  [],
  [],
  [],
  [],
  [],
  [],
  [],
  [],
  [],
  [],
  [],
  [],
  [],
  [],
  [],
  [],
  [],
  [],
  [],
  [],
  [],
  [],
  [],
  [],
  [],
  [],
  [],
  [],
  [],
  [],
  [],
  [],
  [],
  [],
  [],
  [],
  [],
  [],
  [],
  [],
  [],
  [],
  [],
  [],
  [],
  [],
  [],
  [],
  [],
  [],
  [],
  [],
  [],
  [],
  [],
  [],
  [],
  [],
  [],
  [],
  [],
  [],
  [],
  [],
  [],
  [],
  [],
  [],
  [],
  [],
  [],
  [],
  [],
  [],
  [],
  [],
  [],
  [],
  [],
  [],
  [],
  [],
  [],
  [],
  [],
  [],
  [],
  [],
  [],
  [],
  [],
  [],
  [],
  [],
  [],
  [],
  [],
  [],
  [],
  [],
  [],
  [],
  [],
  [],
  [],
  [],
  [],
  [],
  [],
  [],
  [],
  [],
  [],
  [],
  [],
  [],
  [],
  [],
  [],
  [],
  [],
  [],
  [],
  [],
  [],
  [],
  [],
  [],
  [],
  [],
  [],
  [],
  [],
  [],
  [],
  [],
  [],
  [],
  [],
  [],
  [],
  [],
  [],
  [],
  [],
  [],
  [],
  [],
  [],
  [],
  [],
  [],
  [],
  [],
  [],
  [],
  [],
  [],
  [],
  [],
  [],
  [],
  [],
  [],
  [],
  [],
  [],
  [],
  [],
  [],
  [],
  [],
  [],
  [],
  [],
  [],
  [],
  [],
  [],
  [],
  [],
  [],
  [],
  [],
  [],
  [],
  [],
  [],
  [],
  [],
  [],
  [],
  [],
  [],
  [],
  [],
  [],
  [],
  [],
  [],
  [],
  [],
  [],
  [],
  [],
  [],
  [],
  [],
  [],
  [],
  [],
  [],
  [],
  [],
  [],
  [],
  [],
  [],
  [],
  [],
  [],
  [],
  [],
  [],
  [],
  [],
  [],
  [],
  [],
  [],
  [],
  [],
  [],
  [],
  [],
  [],
  [],
  [],
  [],
  [],
  [],
  [],
  [],
  [],
  [],
  [],
  [],
  [],
  [],
  [],
  [],
  [],
  [],
  [],
  [],
  [],
  [],
  [],
  [],
  [],
  [],
  [],
  [],
  [],
  [],
  [],
  [],
  [],
  [],
  [],
  [],
  [],
  [],
  [],
  [],
  [],
  [],
  [],
  [],
  [],
  [],
  [],
  [],
  [],
  [],
  [],
  [],
  [],
  [],
  [],
  [],
  [],
  [],
  [],
  [],
  [],
  [],
  [],
  [],
  [],
  [],
  [],
  [],
  [],
  [],
  [],
  [],
  [],
  [],
  [],
  [],
  [],
  [],
  [],
  [],
  [],
  [],
  [],
  [],
  [],
  [],
  [],
  [],
  [],
  [],
  [],
  [],
  [],
  [],
  [],
  [],
  [],
  [],
  [],
  [],
  [],
  [],
  [],
  [],
  [],
  [],
  [],
  [],
  [],
  [],
  [],
  [],
  [],
  [],
  [],
  [],
  [],
  [],
  [],
  [],
  [],
  [],
  [],
  [],
  [],
  [],
  [],
  [],
  [],
  [],
  [],
  [],
  [],
  [],
  [],
  [],
  [],
  [],
  [],
  [],
  [],
  [],
  [],
  [],
  [],
  [],
  [],
  [],
  [],
  [],
  [],
  [],
  [],
  [],
  [],
  [],
  [],
  [],
  [],
  [],
  [],
  [],
  [],
  [],
  [],
  [],
  [],
  [],
  [],
  [],
  [],
  [],
  [],
  [],
  [],
  [],
  [],
  [],
  [],
  [],
  [],
  [],
  [],
  [],
  [],
  [],
  [],
  [],
  [],
  [],
  [],
  [],
  [],
  [],
  [],
  [],
  [],
  [],
  [],
  [],
  [],
  [],
  [],
  [],
  [],
  [],
  [],
  [],
  [],
  [],
  [],
  [],
  [],
  [],
  [],
  [],
  [],
  [],
  [],
  [],
  [],
  [],
  [],
  [],
  [],
  [],
  [],
  [],
  [],
  [],
  [],
  [],
  [],
  [],
  [],
  [],
  [],
  [],
  [],
  [],
  [],
  [],
  [],
  [],
  [],
  [],
  [],
  [],
  [],
  [],
  [],
  [],
  [],
  [],
  [],
  [],
  [],
  [],
  [],
  [],
  [],
  [],
  [],
  [],
  [],
  [],
  [],
  [],
  [],
  [],
  [],
  [],
  [],
  [],
  [],
  [],
  [],
  [],
  [],
  [],
  [],
  [],
  [],
  [],
  [],
  [],
  [],
  [],
  [],
  [],
  [],
  [],
  [],
  [],
  [],
  [],
  [],
  [],
  [],
  [],
  [],
  [],
  [],
  [],
  [],
  [],
  [],
  [],
  [],
  [],
  [],
  [],
  [],
  [],
  [],
  [],
  [],
  [],
  [],
  [],
  [],
  [],
  [],
  [],
  [],
  [],
  [],
  [],
  [],
  [],
  [],
  [],
  [],
  [],
  [],
  [],
  [],
  [],
  [],
  [],
  [],
  [],
  [],
  [],
  [],
  [],
  [],
  [],
  [],
  [],
  [],
  [],
  [],
  [],
  [],
  [],
  [],
  [],
  [],
  [],
  [],
  [],
  [],
  [],
  [],
  [],
  [],
  [],
  [],
  [],
  [],
  [],
  [],
  [],
  [],
  [],
  [],
  [],
  [],
  [],
  [],
  [],
  [],
  [],
  [],
  [],
  [],
  [],
  [],
  [],
  [],
  [],
  [],
  [],
  [],
  [],
  [],
  [],
  [],
  [],
  [],
  [],
  [],
  [],
  [],
  [],
  [],
  [],
  [],
  [],
  [],
  [],
  [],
  [],
  [],
  [],
  [],
  [],
  [],
  [],
  [],
  [],
  [],
  [],
  [],
  [],
  [],
  [],
  [],
  [],
  [],
  [],
  [],
  [],
  [],
  [],
  [],
  [],
  [],
  [],
  [],
  [],
  [],
  [],
  [],
  [],
  [],
  [],
  [],
  [],
  [],
  [],
  [],
  [],
  [],
  [],
  [],
  [],
  [],
  [],
  [],
  [],
  [],
  [],
  [],
  [],
  [],
  [],
  [],
  [],
  [],
  [],
  [],
  [],
  [],
  [],
  [],
  [],
  [],
  [],
  [],
  [],
  [],
  [],
  [],
  [],
  [],
  [],
  [],
  [],
  [],
  [],
  [],
  [],
  [],
  [],
  [],
  [],
  [],
  [],
  [],
  [],
  [],
  [],
  [],
  [],
  [],
  [],
  [],
  [],
  [],
  [],
  [],
  [],
  [],
  [],
  [],
  [],
  [],
  [],
  [],
  [],
  [],
  [],
  [],
  [],
  [],
  [],
  [],
  [],
  [],
  [],
  [],
  [],
  [],
  [],
  [],
  [],
  [],
  [],
  [],
  [],
  [],
  [],
  [],
  [],
  [],
  [],
  [],
  [],
  [],
  [],
  [],
  [],
  [],
  [],
  [],
  [],
  [],
  [],
  [],
  [],
  [],
  [],
  [],
  [],
  [],
  [],
  [],
  [],
  [],
  [],
  [],
  [],
  [],
  [],
  [],
  [],
  [],
  [],
  [],
  [],
  [],
  [],
  [],
  [],
  [],
  [],
  [],
  [],
  [],
  [],
  [],
  [],
  [],
  [],
  [],
  [],
  [],
  [],
  [],
  [],
  [],
  [],
  [],
  [],
  [],
  [],
  [],
  [],
  [],
  [],
  [],
  [],
  [],
  [],
  [],
  [],
  [],
  [],
  [],
  [],
  [],
  [],
  [],
  [],
  [],
  [],
  [],
  [],
  [],
  [],
  [],
  [],
  [],
  [],
  [],
  [],
  [],
  [],
  [],
  [],
  [],
  [],
  [],
  [],
  [],
  [],
  [],
  [],
  [],
  [],
  [],
  [],
  [],
  [],
  [],
  [],
  [],
  [],
  [],
  [],
  [],
  [],
  [],
  [],
  [],
  [],
  [],
  [],
  [],
  [],
  [],
  [],
  [],
  [],
  [],
  []
]